{
  "extrinsics": {
    "frame0": "[1 0 0 0] [-0 1 0 0] [0 -0 1 0] [3390 1380 240 1] ",
    "frame1": "[0.999981 0.00622141 0 0] [-0.00622141 0.999981 0 0] [0 -0 1 0] [3390.67 1377.52 240 1] ",
    "frame2": "[0.999922 0.0124629 0 0] [-0.0124629 0.999922 0 0] [0 -0 1 0] [3391.33 1375.03 240 1] ",
    "frame3": "[0.999825 0.0187238 0 0] [-0.0187238 0.999825 0 0] [0 -0 1 0] [3392 1372.55 240 1] ",
    "frame4": "[0.999687 0.0250034 0 0] [-0.0250034 0.999687 0 0] [0 -0 1 0] [3392.66 1370.06 240 1] ",
    "frame5": "[0.99951 0.0313012 0 0] [-0.0313012 0.99951 0 0] [0 -0 1 0] [3393.33 1367.58 240 1] ",
    "frame6": "[0.999292 0.0376163 0 0] [-0.0376163 0.999292 0 0] [0 -0 1 0] [3393.99 1365.09 240 1] ",
    "frame7": "[0.999034 0.0439482 0 0] [-0.0439482 0.999034 0 0] [0 -0 1 0] [3394.66 1362.61 240 1] ",
    "frame8": "[0.998734 0.0502962 0 0] [-0.0502962 0.998734 0 0] [0 -0 1 0] [3395.33 1360.12 240 1] ",
    "frame9": "[0.998394 0.0566595 0 0] [-0.0566595 0.998394 0 0] [0 -0 1 0] [3395.99 1357.64 240 1] ",
    "frame10": "[0.998011 0.0630374 0 0] [-0.0630374 0.998011 0 0] [0 -0 1 0] [3396.66 1355.16 240 1] ",
    "frame11": "[0.997587 0.0694292 0 0] [-0.0694292 0.997587 0 0] [0 -0 1 0] [3397.32 1352.67 240 1] ",
    "frame12": "[0.99712 0.075834 0 0] [-0.075834 0.99712 0 0] [0 -0 1 0] [3397.99 1350.19 240 1] ",
    "frame13": "[0.996612 0.0822513 0 0] [-0.0822513 0.996612 0 0] [0 -0 1 0] [3398.65 1347.7 240 1] ",
    "frame14": "[0.99606 0.0886802 0 0] [-0.0886802 0.99606 0 0] [0 -0 1 0] [3399.32 1345.22 240 1] ",
    "frame15": "[0.995466 0.0951199 0 0] [-0.0951199 0.995466 0 0] [0 -0 1 0] [3399.99 1342.73 240 1] ",
    "frame16": "[0.994828 0.10157 0 0] [-0.10157 0.994828 0 0] [0 -0 1 0] [3400.65 1340.25 240 1] ",
    "frame17": "[0.994148 0.108029 0 0] [-0.108029 0.994148 0 0] [0 -0 1 0] [3401.32 1337.76 240 1] ",
    "frame18": "[0.993424 0.114496 0 0] [-0.114496 0.993424 0 0] [0 -0 1 0] [3401.98 1335.28 240 1] ",
    "frame19": "[0.992656 0.120971 0 0] [-0.120971 0.992656 0 0] [0 -0 1 0] [3402.65 1332.8 240 1] ",
    "frame20": "[0.991845 0.127453 0 0] [-0.127453 0.991845 0 0] [0 -0 1 0] [3403.31 1330.31 240 1] ",
    "frame21": "[0.990989 0.133941 0 0] [-0.133941 0.990989 0 0] [0 -0 1 0] [3403.98 1327.83 240 1] ",
    "frame22": "[0.99009 0.140434 0 0] [-0.140434 0.99009 0 0] [0 -0 1 0] [3404.65 1325.34 240 1] ",
    "frame23": "[0.989147 0.146931 0 0] [-0.146931 0.989147 0 0] [0 -0 1 0] [3405.31 1322.86 240 1] ",
    "frame24": "[0.988159 0.153432 0 0] [-0.153432 0.988159 0 0] [0 -0 1 0] [3405.98 1320.37 240 1] ",
    "frame25": "[0.987128 0.159935 0 0] [-0.159935 0.987128 0 0] [0 -0 1 0] [3406.64 1317.89 240 1] ",
    "frame26": "[0.986052 0.16644 0 0] [-0.16644 0.986052 0 0] [0 -0 1 0] [3407.31 1315.4 240 1] ",
    "frame27": "[0.984931 0.172946 0 0] [-0.172946 0.984931 0 0] [0 -0 1 0] [3407.97 1312.92 240 1] ",
    "frame28": "[0.983767 0.179452 0 0] [-0.179452 0.983767 0 0] [0 -0 1 0] [3408.64 1310.43 240 1] ",
    "frame29": "[0.982558 0.185958 0 0] [-0.185958 0.982558 0 0] [0 -0 1 0] [3409.31 1307.95 240 1] ",
    "frame30": "[0.981305 0.192461 0 0] [-0.192461 0.981305 0 0] [0 -0 1 0] [3409.97 1305.47 240 1] ",
    "frame31": "[0.980007 0.198962 0 0] [-0.198962 0.980007 0 0] [0 -0 1 0] [3410.64 1302.98 240 1] ",
    "frame32": "[0.978666 0.20546 0 0] [-0.20546 0.978666 0 0] [0 -0 1 0] [3411.3 1300.5 240 1] ",
    "frame33": "[0.97728 0.211953 0 0] [-0.211953 0.97728 0 0] [0 -0 1 0] [3411.97 1298.01 240 1] ",
    "frame34": "[0.97585 0.218441 0 0] [-0.218441 0.97585 0 0] [0 -0 1 0] [3412.63 1295.53 240 1] ",
    "frame35": "[0.974377 0.224923 0 0] [-0.224923 0.974377 0 0] [0 -0 1 0] [3413.3 1293.04 240 1] ",
    "frame36": "[0.972859 0.231398 0 0] [-0.231398 0.972859 0 0] [0 -0 1 0] [3413.97 1290.56 240 1] ",
    "frame37": "[0.971298 0.237865 0 0] [-0.237865 0.971298 0 0] [0 -0 1 0] [3414.63 1288.07 240 1] ",
    "frame38": "[0.969694 0.244323 0 0] [-0.244323 0.969694 0 0] [0 -0 1 0] [3415.3 1285.59 240 1] ",
    "frame39": "[0.968046 0.250773 0 0] [-0.250773 0.968046 0 0] [0 -0 1 0] [3415.96 1283.11 240 1] ",
    "frame40": "[0.966355 0.257211 0 0] [-0.257211 0.966355 0 0] [0 -0 1 0] [3416.63 1280.62 240 1] ",
    "frame41": "[0.964622 0.263638 0 0] [-0.263638 0.964622 0 0] [0 -0 1 0] [3417.29 1278.14 240 1] ",
    "frame42": "[0.962845 0.270054 0 0] [-0.270054 0.962845 0 0] [0 -0 1 0] [3417.96 1275.65 240 1] ",
    "frame43": "[0.961027 0.276456 0 0] [-0.276456 0.961027 0 0] [0 -0 1 0] [3418.63 1273.17 240 1] ",
    "frame44": "[0.959166 0.282845 0 0] [-0.282845 0.959166 0 0] [0 -0 1 0] [3419.29 1270.68 240 1] ",
    "frame45": "[0.957263 0.289218 0 0] [-0.289218 0.957263 0 0] [0 -0 1 0] [3419.96 1268.2 240 1] ",
    "frame46": "[0.955319 0.295577 0 0] [-0.295577 0.955319 0 0] [0 -0 1 0] [3420.62 1265.71 240 1] ",
    "frame47": "[0.953334 0.301919 0 0] [-0.301919 0.953334 0 0] [0 -0 1 0] [3421.29 1263.23 240 1] ",
    "frame48": "[0.951307 0.308244 0 0] [-0.308244 0.951307 0 0] [0 -0 1 0] [3421.95 1260.75 240 1] ",
    "frame49": "[0.949241 0.314551 0 0] [-0.314551 0.949241 0 0] [0 -0 1 0] [3422.62 1258.26 240 1] ",
    "frame50": "[0.947134 0.320839 0 0] [-0.320839 0.947134 0 0] [0 -0 1 0] [3423.29 1255.78 240 1] ",
    "frame51": "[0.944987 0.327108 0 0] [-0.327108 0.944987 0 0] [0 -0 1 0] [3423.95 1253.29 240 1] ",
    "frame52": "[0.942801 0.333357 0 0] [-0.333357 0.942801 0 0] [0 -0 1 0] [3424.62 1250.81 240 1] ",
    "frame53": "[0.940576 0.339584 0 0] [-0.339584 0.940576 0 0] [0 -0 1 0] [3425.28 1248.32 240 1] ",
    "frame54": "[0.938312 0.34579 0 0] [-0.34579 0.938312 0 0] [0 -0 1 0] [3425.95 1245.84 240 1] ",
    "frame55": "[0.93601 0.351973 0 0] [-0.351973 0.93601 0 0] [0 -0 1 0] [3426.61 1243.35 240 1] ",
    "frame56": "[0.933671 0.358133 0 0] [-0.358133 0.933671 0 0] [0 -0 1 0] [3427.28 1240.87 240 1] ",
    "frame57": "[0.931294 0.364269 0 0] [-0.364269 0.931294 0 0] [0 -0 1 0] [3427.95 1238.39 240 1] ",
    "frame58": "[0.92888 0.37038 0 0] [-0.37038 0.92888 0 0] [0 -0 1 0] [3428.61 1235.9 240 1] ",
    "frame59": "[0.926431 0.376466 0 0] [-0.376466 0.926431 0 0] [0 -0 1 0] [3429.28 1233.42 240 1] ",
    "frame60": "[0.923945 0.382525 0 0] [-0.382525 0.923945 0 0] [0 -0 1 0] [3429.94 1230.93 240 1] ",
    "frame61": "[0.921424 0.388558 0 0] [-0.388558 0.921424 0 0] [0 -0 1 0] [3430.61 1228.45 240 1] ",
    "frame62": "[0.918869 0.394563 0 0] [-0.394563 0.918869 0 0] [0 -0 1 0] [3431.27 1225.96 240 1] ",
    "frame63": "[0.916279 0.400541 0 0] [-0.400541 0.916279 0 0] [0 -0 1 0] [3431.94 1223.48 240 1] ",
    "frame64": "[0.913656 0.406489 0 0] [-0.406489 0.913656 0 0] [0 -0 1 0] [3432.61 1220.99 240 1] ",
    "frame65": "[0.910999 0.412408 0 0] [-0.412408 0.910999 0 0] [0 -0 1 0] [3433.27 1218.51 240 1] ",
    "frame66": "[0.90831 0.418298 0 0] [-0.418298 0.90831 0 0] [0 -0 1 0] [3433.94 1216.02 240 1] ",
    "frame67": "[0.905589 0.424156 0 0] [-0.424156 0.905589 0 0] [0 -0 1 0] [3434.6 1213.54 240 1] ",
    "frame68": "[0.902837 0.429984 0 0] [-0.429984 0.902837 0 0] [0 -0 1 0] [3435.27 1211.06 240 1] ",
    "frame69": "[0.900053 0.43578 0 0] [-0.43578 0.900053 0 0] [0 -0 1 0] [3435.93 1208.57 240 1] ",
    "frame70": "[0.89724 0.441544 0 0] [-0.441544 0.89724 0 0] [0 -0 1 0] [3436.6 1206.09 240 1] ",
    "frame71": "[0.894396 0.447275 0 0] [-0.447275 0.894396 0 0] [0 -0 1 0] [3437.27 1203.6 240 1] ",
    "frame72": "[0.891524 0.452973 0 0] [-0.452973 0.891524 0 0] [0 -0 1 0] [3437.93 1201.12 240 1] ",
    "frame73": "[0.888624 0.458637 0 0] [-0.458637 0.888624 0 0] [0 -0 1 0] [3438.6 1198.63 240 1] ",
    "frame74": "[0.885695 0.464267 0 0] [-0.464267 0.885695 0 0] [0 -0 1 0] [3439.26 1196.15 240 1] ",
    "frame75": "[0.882739 0.469863 0 0] [-0.469863 0.882739 0 0] [0 -0 1 0] [3439.93 1193.66 240 1] ",
    "frame76": "[0.879757 0.475423 0 0] [-0.475423 0.879757 0 0] [0 -0 1 0] [3440.59 1191.18 240 1] ",
    "frame77": "[0.876749 0.480948 0 0] [-0.480948 0.876749 0 0] [0 -0 1 0] [3441.26 1188.7 240 1] ",
    "frame78": "[0.873716 0.486437 0 0] [-0.486437 0.873716 0 0] [0 -0 1 0] [3441.93 1186.21 240 1] ",
    "frame79": "[0.870657 0.49189 0 0] [-0.49189 0.870657 0 0] [0 -0 1 0] [3442.59 1183.73 240 1] ",
    "frame80": "[0.867575 0.497306 0 0] [-0.497306 0.867575 0 0] [0 -0 1 0] [3443.26 1181.24 240 1] "
  }
}