{
  "extrinsics": {
    "frame0": "[1 0 0 0] [-0 1 0 0] [0 -0 1 0] [3390 1380 240 1] ",
    "frame1": "[0.999995 0 0.00310558 0] [-0 1 0 0] [-0.00310558 -0 0.999995 0] [3390 1380 238.758 1] ",
    "frame2": "[0.999981 0 0.00621106 0] [-0 1 0 0] [-0.00621106 -0 0.999981 0] [3390 1380 237.516 1] ",
    "frame3": "[0.999957 0 0.00931637 0] [-0 1 0 0] [-0.00931637 -0 0.999957 0] [3390 1380 236.273 1] ",
    "frame4": "[0.999923 0 0.0124214 0] [-0 1 0 0] [-0.0124214 -0 0.999923 0] [3390 1380 235.031 1] ",
    "frame5": "[0.999879 0 0.0155261 0] [-0 1 0 0] [-0.0155261 -0 0.999879 0] [3390 1380 233.789 1] ",
    "frame6": "[0.999826 0 0.0186303 0] [-0 1 0 0] [-0.0186303 -0 0.999826 0] [3390 1380 232.547 1] ",
    "frame7": "[0.999764 0 0.021734 0] [-0 1 0 0] [-0.021734 -0 0.999764 0] [3390 1380 231.304 1] ",
    "frame8": "[0.999692 0 0.0248371 0] [-0 1 0 0] [-0.0248371 -0 0.999692 0] [3390 1380 230.062 1] ",
    "frame9": "[0.99961 0 0.0279394 0] [-0 1 0 0] [-0.0279394 -0 0.99961 0] [3390 1380 228.82 1] ",
    "frame10": "[0.999518 0 0.0310409 0] [-0 1 0 0] [-0.0310409 -0 0.999518 0] [3390 1380 227.578 1] ",
    "frame11": "[0.999417 0 0.0341416 0] [-0 1 0 0] [-0.0341416 -0 0.999417 0] [3390 1380 226.335 1] ",
    "frame12": "[0.999306 0 0.0372412 0] [-0 1 0 0] [-0.0372412 -0 0.999306 0] [3390 1380 225.093 1] ",
    "frame13": "[0.999186 0 0.0403398 0] [-0 1 0 0] [-0.0403398 -0 0.999186 0] [3390 1380 223.851 1] ",
    "frame14": "[0.999056 0 0.0434372 0] [-0 1 0 0] [-0.0434372 -0 0.999056 0] [3390 1380 222.609 1] ",
    "frame15": "[0.998917 0 0.0465334 0] [-0 1 0 0] [-0.0465334 -0 0.998917 0] [3390 1380 221.366 1] ",
    "frame16": "[0.998768 0 0.0496282 0] [-0 1 0 0] [-0.0496282 -0 0.998768 0] [3390 1380 220.124 1] ",
    "frame17": "[0.998609 0 0.0527216 0] [-0 1 0 0] [-0.0527216 -0 0.998609 0] [3390 1380 218.882 1] ",
    "frame18": "[0.998441 0 0.0558135 0] [-0 1 0 0] [-0.0558135 -0 0.998441 0] [3390 1380 217.64 1] ",
    "frame19": "[0.998264 0 0.0589038 0] [-0 1 0 0] [-0.0589038 -0 0.998264 0] [3390 1380 216.398 1] ",
    "frame20": "[0.998077 0 0.0619923 0] [-0 1 0 0] [-0.0619923 -0 0.998077 0] [3390 1380 215.155 1] ",
    "frame21": "[0.99788 0 0.0650791 0] [-0 1 0 0] [-0.0650791 -0 0.99788 0] [3390 1380 213.913 1] ",
    "frame22": "[0.997674 0 0.0681641 0] [-0 1 0 0] [-0.0681641 -0 0.997674 0] [3390 1380 212.671 1] ",
    "frame23": "[0.997459 0 0.071247 0] [-0 1 0 0] [-0.071247 -0 0.997459 0] [3390 1380 211.429 1] ",
    "frame24": "[0.997234 0 0.074328 0] [-0 1 0 0] [-0.074328 -0 0.997234 0] [3390 1380 210.186 1] ",
    "frame25": "[0.997 0 0.0774068 0] [-0 1 0 0] [-0.0774068 -0 0.997 0] [3390 1380 208.944 1] ",
    "frame26": "[0.996756 0 0.0804834 0] [-0 1 0 0] [-0.0804834 -0 0.996756 0] [3390 1380 207.702 1] ",
    "frame27": "[0.996503 0 0.0835577 0] [-0 1 0 0] [-0.0835577 -0 0.996503 0] [3390 1380 206.46 1] ",
    "frame28": "[0.996241 0 0.0866296 0] [-0 1 0 0] [-0.0866296 -0 0.996241 0] [3390 1380 205.217 1] ",
    "frame29": "[0.995969 0 0.0896991 0] [-0 1 0 0] [-0.0896991 -0 0.995969 0] [3390 1380 203.975 1] ",
    "frame30": "[0.995688 0 0.092766 0] [-0 1 0 0] [-0.092766 -0 0.995688 0] [3390 1380 202.733 1] ",
    "frame31": "[0.995398 0 0.0958302 0] [-0 1 0 0] [-0.0958302 -0 0.995398 0] [3390 1380 201.491 1] ",
    "frame32": "[0.995098 0 0.0988917 0] [-0 1 0 0] [-0.0988917 -0 0.995098 0] [3390 1380 200.248 1] ",
    "frame33": "[0.994789 0 0.10195 0] [-0 1 0 0] [-0.10195 -0 0.994789 0] [3390 1380 199.006 1] ",
    "frame34": "[0.994472 0 0.105006 0] [-0 1 0 0] [-0.105006 -0 0.994472 0] [3390 1380 197.764 1] ",
    "frame35": "[0.994144 0 0.108059 0] [-0 1 0 0] [-0.108059 -0 0.994144 0] [3390 1380 196.522 1] ",
    "frame36": "[0.993808 0 0.111109 0] [-0 1 0 0] [-0.111109 -0 0.993808 0] [3390 1380 195.28 1] ",
    "frame37": "[0.993463 0 0.114156 0] [-0 1 0 0] [-0.114156 -0 0.993463 0] [3390 1380 194.037 1] ",
    "frame38": "[0.993108 0 0.117199 0] [-0 1 0 0] [-0.117199 -0 0.993108 0] [3390 1380 192.795 1] ",
    "frame39": "[0.992745 0 0.120239 0] [-0 1 0 0] [-0.120239 -0 0.992745 0] [3390 1380 191.553 1] ",
    "frame40": "[0.992372 0 0.123276 0] [-0 1 0 0] [-0.123276 -0 0.992372 0] [3390 1380 190.311 1] ",
    "frame41": "[0.991991 0 0.126309 0] [-0 1 0 0] [-0.126309 -0 0.991991 0] [3390 1380 189.068 1] ",
    "frame42": "[0.9916 0 0.129339 0] [-0 1 0 0] [-0.129339 -0 0.9916 0] [3390 1380 187.826 1] ",
    "frame43": "[0.991201 0 0.132365 0] [-0 1 0 0] [-0.132365 -0 0.991201 0] [3390 1380 186.584 1] ",
    "frame44": "[0.990793 0 0.135388 0] [-0 1 0 0] [-0.135388 -0 0.990793 0] [3390 1380 185.342 1] ",
    "frame45": "[0.990376 0 0.138407 0] [-0 1 0 0] [-0.138407 -0 0.990376 0] [3390 1380 184.099 1] ",
    "frame46": "[0.989949 0 0.141421 0] [-0 1 0 0] [-0.141421 -0 0.989949 0] [3390 1380 182.857 1] ",
    "frame47": "[0.989515 0 0.144432 0] [-0 1 0 0] [-0.144432 -0 0.989515 0] [3390 1380 181.615 1] ",
    "frame48": "[0.989071 0 0.147439 0] [-0 1 0 0] [-0.147439 -0 0.989071 0] [3390 1380 180.373 1] ",
    "frame49": "[0.988619 0 0.150442 0] [-0 1 0 0] [-0.150442 -0 0.988619 0] [3390 1380 179.13 1] ",
    "frame50": "[0.988158 0 0.153441 0] [-0 1 0 0] [-0.153441 -0 0.988158 0] [3390 1380 177.888 1] ",
    "frame51": "[0.987688 0 0.156435 0] [-0 1 0 0] [-0.156435 -0 0.987688 0] [3390 1380 176.646 1] ",
    "frame52": "[0.98721 0 0.159425 0] [-0 1 0 0] [-0.159425 -0 0.98721 0] [3390 1380 175.404 1] ",
    "frame53": "[0.986723 0 0.162411 0] [-0 1 0 0] [-0.162411 -0 0.986723 0] [3390 1380 174.161 1] ",
    "frame54": "[0.986228 0 0.165392 0] [-0 1 0 0] [-0.165392 -0 0.986228 0] [3390 1380 172.919 1] ",
    "frame55": "[0.985724 0 0.168369 0] [-0 1 0 0] [-0.168369 -0 0.985724 0] [3390 1380 171.677 1] ",
    "frame56": "[0.985212 0 0.171341 0] [-0 1 0 0] [-0.171341 -0 0.985212 0] [3390 1380 170.435 1] ",
    "frame57": "[0.984691 0 0.174309 0] [-0 1 0 0] [-0.174309 -0 0.984691 0] [3390 1380 169.193 1] ",
    "frame58": "[0.984162 0 0.177271 0] [-0 1 0 0] [-0.177271 -0 0.984162 0] [3390 1380 167.95 1] ",
    "frame59": "[0.983625 0 0.180229 0] [-0 1 0 0] [-0.180229 -0 0.983625 0] [3390 1380 166.708 1] ",
    "frame60": "[0.983079 0 0.183182 0] [-0 1 0 0] [-0.183182 -0 0.983079 0] [3390 1380 165.466 1] ",
    "frame61": "[0.982525 0 0.186131 0] [-0 1 0 0] [-0.186131 -0 0.982525 0] [3390 1380 164.224 1] ",
    "frame62": "[0.981963 0 0.189074 0] [-0 1 0 0] [-0.189074 -0 0.981963 0] [3390 1380 162.981 1] ",
    "frame63": "[0.981393 0 0.192012 0] [-0 1 0 0] [-0.192012 -0 0.981393 0] [3390 1380 161.739 1] ",
    "frame64": "[0.980814 0 0.194944 0] [-0 1 0 0] [-0.194944 -0 0.980814 0] [3390 1380 160.497 1] ",
    "frame65": "[0.980228 0 0.197872 0] [-0 1 0 0] [-0.197872 -0 0.980228 0] [3390 1380 159.255 1] ",
    "frame66": "[0.979633 0 0.200794 0] [-0 1 0 0] [-0.200794 -0 0.979633 0] [3390 1380 158.012 1] ",
    "frame67": "[0.979031 0 0.203711 0] [-0 1 0 0] [-0.203711 -0 0.979031 0] [3390 1380 156.77 1] ",
    "frame68": "[0.978421 0 0.206623 0] [-0 1 0 0] [-0.206623 -0 0.978421 0] [3390 1380 155.528 1] ",
    "frame69": "[0.977802 0 0.209529 0] [-0 1 0 0] [-0.209529 -0 0.977802 0] [3390 1380 154.286 1] ",
    "frame70": "[0.977176 0 0.21243 0] [-0 1 0 0] [-0.21243 -0 0.977176 0] [3390 1380 153.043 1] ",
    "frame71": "[0.976543 0 0.215325 0] [-0 1 0 0] [-0.215325 -0 0.976543 0] [3390 1380 151.801 1] ",
    "frame72": "[0.975901 0 0.218214 0] [-0 1 0 0] [-0.218214 -0 0.975901 0] [3390 1380 150.559 1] ",
    "frame73": "[0.975252 0 0.221097 0] [-0 1 0 0] [-0.221097 -0 0.975252 0] [3390 1380 149.317 1] ",
    "frame74": "[0.974595 0 0.223975 0] [-0 1 0 0] [-0.223975 -0 0.974595 0] [3390 1380 148.075 1] ",
    "frame75": "[0.97393 0 0.226847 0] [-0 1 0 0] [-0.226847 -0 0.97393 0] [3390 1380 146.832 1] ",
    "frame76": "[0.973258 0 0.229713 0] [-0 1 0 0] [-0.229713 -0 0.973258 0] [3390 1380 145.59 1] ",
    "frame77": "[0.972579 0 0.232573 0] [-0 1 0 0] [-0.232573 -0 0.972579 0] [3390 1380 144.348 1] ",
    "frame78": "[0.971892 0 0.235427 0] [-0 1 0 0] [-0.235427 -0 0.971892 0] [3390 1380 143.106 1] ",
    "frame79": "[0.971198 0 0.238275 0] [-0 1 0 0] [-0.238275 -0 0.971198 0] [3390 1380 141.863 1] ",
    "frame80": "[0.970496 0 0.241117 0] [-0 1 0 0] [-0.241117 -0 0.970496 0] [3390 1380 140.621 1] "
  }
}