{
  "extrinsics": {
    "frame0": "[1 0 0 0] [-0 1 0 0] [0 -0 1 0] [3390 1380 240 1] ",
    "frame1": "[0.999991 0.00433621 0 0] [-0.00433621 0.999991 0 0] [0 -0 1 0] [3390 1380 240 1] ",
    "frame2": "[0.999962 0.00867233 0 0] [-0.00867233 0.999962 0 0] [0 -0 1 0] [3390 1380 240 1] ",
    "frame3": "[0.999915 0.0130083 0 0] [-0.0130083 0.999915 0 0] [0 -0 1 0] [3390 1380 240 1] ",
    "frame4": "[0.99985 0.017344 0 0] [-0.017344 0.99985 0 0] [0 -0 1 0] [3390 1380 240 1] ",
    "frame5": "[0.999765 0.0216794 0 0] [-0.0216794 0.999765 0 0] [0 -0 1 0] [3390 1380 240 1] ",
    "frame6": "[0.999662 0.0260144 0 0] [-0.0260144 0.999662 0 0] [0 -0 1 0] [3390 1380 240 1] ",
    "frame7": "[0.999539 0.0303489 0 0] [-0.0303489 0.999539 0 0] [0 -0 1 0] [3390 1380 240 1] ",
    "frame8": "[0.999398 0.0346828 0 0] [-0.0346828 0.999398 0 0] [0 -0 1 0] [3390 1380 240 1] ",
    "frame9": "[0.999239 0.0390161 0 0] [-0.0390161 0.999239 0 0] [0 -0 1 0] [3390 1380 240 1] ",
    "frame10": "[0.99906 0.0433486 0 0] [-0.0433486 0.99906 0 0] [0 -0 1 0] [3390 1380 240 1] ",
    "frame11": "[0.998863 0.0476804 0 0] [-0.0476804 0.998863 0 0] [0 -0 1 0] [3390 1380 240 1] ",
    "frame12": "[0.998647 0.0520112 0 0] [-0.0520112 0.998647 0 0] [0 -0 1 0] [3390 1380 240 1] ",
    "frame13": "[0.998412 0.056341 0 0] [-0.056341 0.998412 0 0] [0 -0 1 0] [3390 1380 240 1] ",
    "frame14": "[0.998158 0.0606698 0 0] [-0.0606698 0.998158 0 0] [0 -0 1 0] [3390 1380 240 1] ",
    "frame15": "[0.997885 0.0649975 0 0] [-0.0649975 0.997885 0 0] [0 -0 1 0] [3390 1380 240 1] ",
    "frame16": "[0.997594 0.0693239 0 0] [-0.0693239 0.997594 0 0] [0 -0 1 0] [3390 1380 240 1] ",
    "frame17": "[0.997284 0.073649 0 0] [-0.073649 0.997284 0 0] [0 -0 1 0] [3390 1380 240 1] ",
    "frame18": "[0.996955 0.0779728 0 0] [-0.0779728 0.996955 0 0] [0 -0 1 0] [3390 1380 240 1] ",
    "frame19": "[0.996608 0.082295 0 0] [-0.082295 0.996608 0 0] [0 -0 1 0] [3390 1380 240 1] ",
    "frame20": "[0.996242 0.0866158 0 0] [-0.0866158 0.996242 0 0] [0 -0 1 0] [3390 1380 240 1] ",
    "frame21": "[0.995857 0.0909349 0 0] [-0.0909349 0.995857 0 0] [0 -0 1 0] [3390 1380 240 1] ",
    "frame22": "[0.995453 0.0952522 0 0] [-0.0952522 0.995453 0 0] [0 -0 1 0] [3390 1380 240 1] ",
    "frame23": "[0.995031 0.0995678 0 0] [-0.0995678 0.995031 0 0] [0 -0 1 0] [3390 1380 240 1] ",
    "frame24": "[0.99459 0.103882 0 0] [-0.103882 0.99459 0 0] [0 -0 1 0] [3390 1380 240 1] ",
    "frame25": "[0.99413 0.108193 0 0] [-0.108193 0.99413 0 0] [0 -0 1 0] [3390 1380 240 1] ",
    "frame26": "[0.993651 0.112503 0 0] [-0.112503 0.993651 0 0] [0 -0 1 0] [3390 1380 240 1] ",
    "frame27": "[0.993154 0.116811 0 0] [-0.116811 0.993154 0 0] [0 -0 1 0] [3390 1380 240 1] ",
    "frame28": "[0.992638 0.121116 0 0] [-0.121116 0.992638 0 0] [0 -0 1 0] [3390 1380 240 1] ",
    "frame29": "[0.992104 0.125419 0 0] [-0.125419 0.992104 0 0] [0 -0 1 0] [3390 1380 240 1] ",
    "frame30": "[0.991551 0.12972 0 0] [-0.12972 0.991551 0 0] [0 -0 1 0] [3390 1380 240 1] ",
    "frame31": "[0.990979 0.134018 0 0] [-0.134018 0.990979 0 0] [0 -0 1 0] [3390 1380 240 1] ",
    "frame32": "[0.990388 0.138314 0 0] [-0.138314 0.990388 0 0] [0 -0 1 0] [3390 1380 240 1] ",
    "frame33": "[0.989779 0.142607 0 0] [-0.142607 0.989779 0 0] [0 -0 1 0] [3390 1380 240 1] ",
    "frame34": "[0.989152 0.146898 0 0] [-0.146898 0.989152 0 0] [0 -0 1 0] [3390 1380 240 1] ",
    "frame35": "[0.988505 0.151186 0 0] [-0.151186 0.988505 0 0] [0 -0 1 0] [3390 1380 240 1] ",
    "frame36": "[0.98784 0.155471 0 0] [-0.155471 0.98784 0 0] [0 -0 1 0] [3390 1380 240 1] ",
    "frame37": "[0.987157 0.159753 0 0] [-0.159753 0.987157 0 0] [0 -0 1 0] [3390 1380 240 1] ",
    "frame38": "[0.986455 0.164032 0 0] [-0.164032 0.986455 0 0] [0 -0 1 0] [3390 1380 240 1] ",
    "frame39": "[0.985735 0.168308 0 0] [-0.168308 0.985735 0 0] [0 -0 1 0] [3390 1380 240 1] ",
    "frame40": "[0.984995 0.17258 0 0] [-0.17258 0.984995 0 0] [0 -0 1 0] [3390 1380 240 1] ",
    "frame41": "[0.984238 0.17685 0 0] [-0.17685 0.984238 0 0] [0 -0 1 0] [3390 1380 240 1] ",
    "frame42": "[0.983462 0.181116 0 0] [-0.181116 0.983462 0 0] [0 -0 1 0] [3390 1380 240 1] ",
    "frame43": "[0.982667 0.185379 0 0] [-0.185379 0.982667 0 0] [0 -0 1 0] [3390 1380 240 1] ",
    "frame44": "[0.981854 0.189638 0 0] [-0.189638 0.981854 0 0] [0 -0 1 0] [3390 1380 240 1] ",
    "frame45": "[0.981022 0.193894 0 0] [-0.193894 0.981022 0 0] [0 -0 1 0] [3390 1380 240 1] ",
    "frame46": "[0.980172 0.198146 0 0] [-0.198146 0.980172 0 0] [0 -0 1 0] [3390 1380 240 1] ",
    "frame47": "[0.979304 0.202395 0 0] [-0.202395 0.979304 0 0] [0 -0 1 0] [3390 1380 240 1] ",
    "frame48": "[0.978417 0.206639 0 0] [-0.206639 0.978417 0 0] [0 -0 1 0] [3390 1380 240 1] ",
    "frame49": "[0.977512 0.21088 0 0] [-0.21088 0.977512 0 0] [0 -0 1 0] [3390 1380 240 1] ",
    "frame50": "[0.976588 0.215116 0 0] [-0.215116 0.976588 0 0] [0 -0 1 0] [3390 1380 240 1] ",
    "frame51": "[0.975646 0.219349 0 0] [-0.219349 0.975646 0 0] [0 -0 1 0] [3390 1380 240 1] ",
    "frame52": "[0.974686 0.223578 0 0] [-0.223578 0.974686 0 0] [0 -0 1 0] [3390 1380 240 1] ",
    "frame53": "[0.973707 0.227802 0 0] [-0.227802 0.973707 0 0] [0 -0 1 0] [3390 1380 240 1] ",
    "frame54": "[0.972711 0.232022 0 0] [-0.232022 0.972711 0 0] [0 -0 1 0] [3390 1380 240 1] ",
    "frame55": "[0.971695 0.236238 0 0] [-0.236238 0.971695 0 0] [0 -0 1 0] [3390 1380 240 1] ",
    "frame56": "[0.970662 0.240449 0 0] [-0.240449 0.970662 0 0] [0 -0 1 0] [3390 1380 240 1] ",
    "frame57": "[0.96961 0.244656 0 0] [-0.244656 0.96961 0 0] [0 -0 1 0] [3390 1380 240 1] ",
    "frame58": "[0.96854 0.248858 0 0] [-0.248858 0.96854 0 0] [0 -0 1 0] [3390 1380 240 1] ",
    "frame59": "[0.967452 0.253055 0 0] [-0.253055 0.967452 0 0] [0 -0 1 0] [3390 1380 240 1] ",
    "frame60": "[0.966345 0.257248 0 0] [-0.257248 0.966345 0 0] [0 -0 1 0] [3390 1380 240 1] ",
    "frame61": "[0.965221 0.261436 0 0] [-0.261436 0.965221 0 0] [0 -0 1 0] [3390 1380 240 1] ",
    "frame62": "[0.964078 0.265619 0 0] [-0.265619 0.964078 0 0] [0 -0 1 0] [3390 1380 240 1] ",
    "frame63": "[0.962917 0.269797 0 0] [-0.269797 0.962917 0 0] [0 -0 1 0] [3390 1380 240 1] ",
    "frame64": "[0.961738 0.27397 0 0] [-0.27397 0.961738 0 0] [0 -0 1 0] [3390 1380 240 1] ",
    "frame65": "[0.960541 0.278137 0 0] [-0.278137 0.960541 0 0] [0 -0 1 0] [3390 1380 240 1] ",
    "frame66": "[0.959326 0.2823 0 0] [-0.2823 0.959326 0 0] [0 -0 1 0] [3390 1380 240 1] ",
    "frame67": "[0.958093 0.286457 0 0] [-0.286457 0.958093 0 0] [0 -0 1 0] [3390 1380 240 1] ",
    "frame68": "[0.956842 0.290609 0 0] [-0.290609 0.956842 0 0] [0 -0 1 0] [3390 1380 240 1] ",
    "frame69": "[0.955573 0.294755 0 0] [-0.294755 0.955573 0 0] [0 -0 1 0] [3390 1380 240 1] ",
    "frame70": "[0.954286 0.298896 0 0] [-0.298896 0.954286 0 0] [0 -0 1 0] [3390 1380 240 1] ",
    "frame71": "[0.952981 0.303031 0 0] [-0.303031 0.952981 0 0] [0 -0 1 0] [3390 1380 240 1] ",
    "frame72": "[0.951658 0.307161 0 0] [-0.307161 0.951658 0 0] [0 -0 1 0] [3390 1380 240 1] ",
    "frame73": "[0.950317 0.311284 0 0] [-0.311284 0.950317 0 0] [0 -0 1 0] [3390 1380 240 1] ",
    "frame74": "[0.948958 0.315402 0 0] [-0.315402 0.948958 0 0] [0 -0 1 0] [3390 1380 240 1] ",
    "frame75": "[0.947582 0.319514 0 0] [-0.319514 0.947582 0 0] [0 -0 1 0] [3390 1380 240 1] ",
    "frame76": "[0.946187 0.32362 0 0] [-0.32362 0.946187 0 0] [0 -0 1 0] [3390 1380 240 1] ",
    "frame77": "[0.944775 0.32772 0 0] [-0.32772 0.944775 0 0] [0 -0 1 0] [3390 1380 240 1] ",
    "frame78": "[0.943345 0.331813 0 0] [-0.331813 0.943345 0 0] [0 -0 1 0] [3390 1380 240 1] ",
    "frame79": "[0.941897 0.335901 0 0] [-0.335901 0.941897 0 0] [0 -0 1 0] [3390 1380 240 1] ",
    "frame80": "[0.940432 0.339982 0 0] [-0.339982 0.940432 0 0] [0 -0 1 0] [3390 1380 240 1] "
  }
}