{
  "extrinsics": {
    "frame0": "[1 0 0 0] [-0 1 0 0] [0 -0 1 0] [3390 1380 240 1] ",
    "frame1": "[0.999998 0 0.00216811 0] [-0 1 0 0] [-0.00216811 -0 0.999998 0] [3390 1380 240 1] ",
    "frame2": "[0.999991 0 0.00433621 0] [-0 1 0 0] [-0.00433621 -0 0.999991 0] [3390 1380 240 1] ",
    "frame3": "[0.999979 0 0.00650429 0] [-0 1 0 0] [-0.00650429 -0 0.999979 0] [3390 1380 240 1] ",
    "frame4": "[0.999962 -8.35239e-53 0.00867233 0] [8.35147e-37 1 -9.62965e-35 0] [-0.00867233 9.63001e-35 0.999962 0] [3390 1380 240 1] ",
    "frame5": "[0.999941 -8.35239e-53 0.0108403 0] [1.04395e-36 1 -9.62965e-35 0] [-0.0108403 9.63022e-35 0.999941 0] [3390 1380 240 1] ",
    "frame6": "[0.999915 0 0.0130083 0] [-0 1 0 0] [-0.0130083 -0 0.999915 0] [3390 1380 240 1] ",
    "frame7": "[0.999885 0 0.0151762 0] [-0 1 0 0] [-0.0151762 -0 0.999885 0] [3390 1380 240 1] ",
    "frame8": "[0.99985 0 0.017344 0] [3.34084e-36 1 -1.92593e-34 0] [-0.017344 1.92622e-34 0.99985 0] [3390 1380 240 1] ",
    "frame9": "[0.99981 -6.68191e-52 0.0195118 0] [3.75854e-36 1 -1.92593e-34 0] [-0.0195118 1.9263e-34 0.99981 0] [3390 1380 240 1] ",
    "frame10": "[0.999765 0 0.0216794 0] [-0 1 0 0] [-0.0216794 -0 0.999765 0] [3390 1380 240 1] ",
    "frame11": "[0.999716 0 0.023847 0] [-0 1 0 0] [-0.023847 -0 0.999716 0] [3390 1380 240 1] ",
    "frame12": "[0.999662 0 0.0260144 0] [-0 1 0 0] [-0.0260144 -0 0.999662 0] [3390 1380 240 1] ",
    "frame13": "[0.999603 -3.34096e-52 0.0281817 0] [5.42976e-36 1 -1.92593e-34 0] [-0.0281817 1.9267e-34 0.999603 0] [3390 1380 240 1] ",
    "frame14": "[0.999539 0 0.0303489 0] [-0 1 0 0] [-0.0303489 -0 0.999539 0] [3390 1380 240 1] ",
    "frame15": "[0.999471 -1.33638e-51 0.0325159 0] [1.25313e-35 1 -3.85186e-34 0] [-0.0325159 3.8539e-34 0.999471 0] [3390 1380 240 1] ",
    "frame16": "[0.999398 -2.67276e-51 0.0346828 0] [1.33674e-35 1 -3.85186e-34 0] [-0.0346828 3.85418e-34 0.999398 0] [3390 1380 240 1] ",
    "frame17": "[0.999321 0 0.0368495 0] [-0 1 0 0] [-0.0368495 -0 0.999321 0] [3390 1380 240 1] ",
    "frame18": "[0.999239 0 0.0390161 0] [-0 1 0 0] [-0.0390161 -0 0.999239 0] [3390 1380 240 1] ",
    "frame19": "[0.999152 -2.67276e-51 0.0411825 0] [3.17527e-35 1 -7.70372e-34 0] [-0.0411825 7.71026e-34 0.999152 0] [3390 1380 240 1] ",
    "frame20": "[0.99906 0 0.0433486 0] [-0 1 0 0] [-0.0433486 -0 0.99906 0] [3390 1380 240 1] ",
    "frame21": "[0.998964 0 0.0455146 0] [-0 1 0 0] [-0.0455146 -0 0.998964 0] [3390 1380 240 1] ",
    "frame22": "[0.998863 0 0.0476804 0] [-0 1 0 0] [-0.0476804 -0 0.998863 0] [3390 1380 240 1] ",
    "frame23": "[0.998757 0 0.0498459 0] [-0 1 0 0] [-0.0498459 -0 0.998757 0] [3390 1380 240 1] ",
    "frame24": "[0.998647 0 0.0520112 0] [-0 1 0 0] [-0.0520112 -0 0.998647 0] [3390 1380 240 1] ",
    "frame25": "[0.998531 -1.33638e-51 0.0541762 0] [2.08986e-35 1 -3.85186e-34 0] [-0.0541762 3.85753e-34 0.998531 0] [3390 1380 240 1] ",
    "frame26": "[0.998412 0 0.056341 0] [-0 1 0 0] [-0.056341 -0 0.998412 0] [3390 1380 240 1] ",
    "frame27": "[0.998287 0 0.0585056 0] [-0 1 0 0] [-0.0585056 -0 0.998287 0] [3390 1380 240 1] ",
    "frame28": "[0.998158 0 0.0606698 0] [-0 1 0 0] [-0.0606698 -0 0.998158 0] [3390 1380 240 1] ",
    "frame29": "[0.998024 0 0.0628338 0] [-0 1 0 0] [-0.0628338 -0 0.998024 0] [3390 1380 240 1] ",
    "frame30": "[0.997885 0 0.0649975 0] [-0 1 0 0] [-0.0649975 -0 0.997885 0] [3390 1380 240 1] ",
    "frame31": "[0.997742 5.34553e-51 0.0671608 0] [5.18559e-35 1 -7.70372e-34 0] [-0.0671608 7.72115e-34 0.997742 0] [3390 1380 240 1] ",
    "frame32": "[0.997594 0 0.0693239 0] [-0 1 0 0] [-0.0693239 -0 0.997594 0] [3390 1380 240 1] ",
    "frame33": "[0.997442 0 0.0714866 0] [-0 1 0 0] [-0.0714866 -0 0.997442 0] [3390 1380 240 1] ",
    "frame34": "[0.997284 0 0.073649 0] [-0 1 0 0] [-0.073649 -0 0.997284 0] [3390 1380 240 1] ",
    "frame35": "[0.997122 0 0.0758111 0] [-0 1 0 0] [-0.0758111 -0 0.997122 0] [3390 1380 240 1] ",
    "frame36": "[0.996955 0 0.0779728 0] [6.02515e-35 1 -7.70372e-34 0] [-0.0779728 7.72725e-34 0.996955 0] [3390 1380 240 1] ",
    "frame37": "[0.996784 0 0.0801341 0] [-0 1 0 0] [-0.0801341 -0 0.996784 0] [3390 1380 240 1] ",
    "frame38": "[0.996608 0 0.082295 0] [6.36136e-35 1 -7.70372e-34 0] [-0.082295 7.72994e-34 0.996608 0] [3390 1380 240 1] ",
    "frame39": "[0.996427 0 0.0844556 0] [-0 1 0 0] [-0.0844556 -0 0.996427 0] [3390 1380 240 1] ",
    "frame40": "[0.996242 0 0.0866158 0] [6.69781e-35 1 -7.70372e-34 0] [-0.0866158 7.73278e-34 0.996242 0] [3390 1380 240 1] ",
    "frame41": "[0.996052 -1.06911e-50 0.0887755 0] [1.37323e-34 1 -1.54074e-33 0] [-0.0887755 1.54685e-33 0.996052 0] [3390 1380 240 1] ",
    "frame42": "[0.995857 -5.34553e-51 0.0909349 0] [7.03451e-35 1 -7.70372e-34 0] [-0.0909349 7.73577e-34 0.995857 0] [3390 1380 240 1] ",
    "frame43": "[0.995657 0 0.0930938 0] [-0 1 0 0] [-0.0930938 -0 0.995657 0] [3390 1380 240 1] ",
    "frame44": "[0.995453 0 0.0952522 0] [-0 1 0 0] [-0.0952522 -0 0.995453 0] [3390 1380 240 1] ",
    "frame45": "[0.995244 0 0.0974103 0] [-0 1 0 0] [-0.0974103 -0 0.995244 0] [3390 1380 240 1] ",
    "frame46": "[0.995031 5.34553e-51 0.0995678 0] [7.70873e-35 1 -7.70372e-34 0] [-0.0995678 7.74219e-34 0.995031 0] [3390 1380 240 1] ",
    "frame47": "[0.994813 0 0.101725 0] [-0 1 0 0] [-0.101725 -0 0.994813 0] [3390 1380 240 1] ",
    "frame48": "[0.99459 -5.34553e-51 0.103882 0] [8.04628e-35 1 -7.70372e-34 0] [-0.103882 7.74563e-34 0.99459 0] [3390 1380 240 1] ",
    "frame49": "[0.994362 0 0.106038 0] [-0 1 0 0] [-0.106038 -0 0.994362 0] [3390 1380 240 1] ",
    "frame50": "[0.99413 0 0.108193 0] [-0 1 0 0] [-0.108193 -0 0.99413 0] [3390 1380 240 1] ",
    "frame51": "[0.993893 0 0.110348 0] [-0 1 0 0] [-0.110348 -0 0.993893 0] [3390 1380 240 1] ",
    "frame52": "[0.993651 0 0.112503 0] [-0 1 0 0] [-0.112503 -0 0.993651 0] [3390 1380 240 1] ",
    "frame53": "[0.993405 0 0.114657 0] [-0 1 0 0] [-0.114657 -0 0.993405 0] [3390 1380 240 1] ",
    "frame54": "[0.993154 0 0.116811 0] [-0 1 0 0] [-0.116811 -0 0.993154 0] [3390 1380 240 1] ",
    "frame55": "[0.992899 0 0.118964 0] [-0 1 0 0] [-0.118964 -0 0.992899 0] [3390 1380 240 1] ",
    "frame56": "[0.992638 0 0.121116 0] [-0 1 0 0] [-0.121116 -0 0.992638 0] [3390 1380 240 1] ",
    "frame57": "[0.992373 -1.06911e-50 0.123268 0] [1.91384e-34 1 -1.54074e-33 0] [-0.123268 1.55258e-33 0.992373 0] [3390 1380 240 1] ",
    "frame58": "[0.992104 0 0.125419 0] [-0 1 0 0] [-0.125419 -0 0.992104 0] [3390 1380 240 1] ",
    "frame59": "[0.99183 0 0.12757 0] [-0 1 0 0] [-0.12757 -0 0.99183 0] [3390 1380 240 1] ",
    "frame60": "[0.991551 -2.13821e-50 0.12972 0] [2.01569e-34 1 -1.54074e-33 0] [-0.12972 1.55387e-33 0.991551 0] [3390 1380 240 1] ",
    "frame61": "[0.991267 0 0.13187 0] [-0 1 0 0] [-0.13187 -0 0.991267 0] [3390 1380 240 1] ",
    "frame62": "[0.990979 0 0.134018 0] [2.08368e-34 1 -1.54074e-33 0] [-0.134018 1.55477e-33 0.990979 0] [3390 1380 240 1] ",
    "frame63": "[0.990686 0 0.136167 0] [-0 1 0 0] [-0.136167 -0 0.990686 0] [3390 1380 240 1] ",
    "frame64": "[0.990388 -2.13821e-50 0.138314 0] [2.15175e-34 1 -1.54074e-33 0] [-0.138314 1.5557e-33 0.990388 0] [3390 1380 240 1] ",
    "frame65": "[0.990086 0 0.140461 0] [2.18582e-34 1 -1.54074e-33 0] [-0.140461 1.55617e-33 0.990086 0] [3390 1380 240 1] ",
    "frame66": "[0.989779 0 0.142607 0] [-0 1 0 0] [-0.142607 -0 0.989779 0] [3390 1380 240 1] ",
    "frame67": "[0.989468 0 0.144753 0] [-0 1 0 0] [-0.144753 -0 0.989468 0] [3390 1380 240 1] ",
    "frame68": "[0.989152 0 0.146898 0] [4.57629e-34 1 -3.08149e-33 0] [-0.146898 3.11528e-33 0.989152 0] [3390 1380 240 1] ",
    "frame69": "[0.988831 -2.13821e-50 0.149042 0] [2.3223e-34 1 -1.54074e-33 0] [-0.149042 1.55815e-33 0.988831 0] [3390 1380 240 1] ",
    "frame70": "[0.988505 0 0.151186 0] [4.71295e-34 1 -3.08149e-33 0] [-0.151186 3.11732e-33 0.988505 0] [3390 1380 240 1] ",
    "frame71": "[0.988175 0 0.153329 0] [-0 1 0 0] [-0.153329 -0 0.988175 0] [3390 1380 240 1] ",
    "frame72": "[0.98784 0 0.155471 0] [2.42489e-34 1 -1.54074e-33 0] [-0.155471 1.55971e-33 0.98784 0] [3390 1380 240 1] ",
    "frame73": "[0.987501 0 0.157612 0] [-0 1 0 0] [-0.157612 -0 0.987501 0] [3390 1380 240 1] ",
    "frame74": "[0.987157 0 0.159753 0] [-0 1 0 0] [-0.159753 -0 0.987157 0] [3390 1380 240 1] ",
    "frame75": "[0.986808 -4.27642e-50 0.161893 0] [2.5277e-34 1 -1.54074e-33 0] [-0.161893 1.56134e-33 0.986808 0] [3390 1380 240 1] ",
    "frame76": "[0.986455 0 0.164032 0] [5.12402e-34 1 -3.08149e-33 0] [-0.164032 3.1238e-33 0.986455 0] [3390 1380 240 1] ",
    "frame77": "[0.986097 0 0.16617 0] [2.59635e-34 1 -1.54074e-33 0] [-0.16617 1.56247e-33 0.986097 0] [3390 1380 240 1] ",
    "frame78": "[0.985735 -2.13821e-50 0.168308 0] [2.63072e-34 1 -1.54074e-33 0] [-0.168308 1.56304e-33 0.985735 0] [3390 1380 240 1] ",
    "frame79": "[0.985367 0 0.170445 0] [-0 1 0 0] [-0.170445 -0 0.985367 0] [3390 1380 240 1] ",
    "frame80": "[0.984995 -2.13821e-50 0.17258 0] [2.69953e-34 1 -1.54074e-33 0] [-0.17258 1.56421e-33 0.984995 0] [3390 1380 240 1] "
  }
}